您选择的系统是:Email-spl
该系统共有39个类
训练轮数为:1
最佳测试序列:[tensor([3]), tensor([2]), 22, 36, 32, tensor([0]), 35, 28, 37, 14, tensor([17]), 33, 27, tensor([1]), 18, 24, 11, 6, 13, 19, 9, 12, 26, 8, 23, 31, 4, 25, 16, 10, 30, 5, 15, 20, 29, 21, 38, tensor([34]), tensor([7])]
整体测试桩复杂度:3.2002199004471814
所用时间:1.7223155498504639s
您选择的系统是:Email-spl
该系统共有39个类
使用的方法是DuelingDQN
训练轮数为:1
最佳测试序列:[tensor([3]), tensor([2]), 22, 36, 32, tensor([0]), 35, 28, 37, 14, tensor([17]), 33, 27, tensor([1]), 18, 24, 11, 6, 13, 19, 9, 12, 26, 8, 23, 31, 4, 25, 16, 10, 30, 5, 15, 20, 29, 21, 38, tensor([34]), tensor([7])]
整体测试桩复杂度:3.2002199004471814
所用时间:1.895399570465088s


